#RekaPrawa (x,y,z)	 ramie(x,y,z)	 tors(x,y,z)
1.65396512734 0.186576998206 -0.168248400186 1.66762769302 0.0958588019308 0.39698194209 1.62167205323 -0.0391664637679 0.175511102594
1.65396512734 0.186576998206 -0.168248400186 1.66762769302 0.0958588019308 0.39698194209 1.62167205323 -0.0391664637679 0.175511102594
1.62532486319 0.179385654601 -0.0107354013064 1.67156129026 0.0942903959695 0.396363061674 1.62418743207 -0.0400737535702 0.174055221772
1.66459054534 0.171516475101 0.0634198194535 1.67186817221 0.0937954553854 0.395100487305 1.62592924372 -0.0412656111858 0.170238748089
1.64666814169 0.126440130582 0.206748895298 1.6747244958 0.0936488670613 0.395048566412 1.62825249157 -0.04154958779 0.171497009819
1.65406635387 0.120429476605 0.239093258992 1.67607765068 0.0923899761577 0.395277717936 1.62983415817 -0.0420560402627 0.171415400005
1.67232490042 0.113831994234 0.299404166046 1.67636451484 0.0919105079121 0.394506659754 1.63302665946 -0.0429274160177 0.169566847019
1.70017801006 0.121670200792 0.396112346207 1.67462757588 0.0916052723449 0.394069929073 1.63480143809 -0.0438047669814 0.168240866989
1.69346411285 0.149752436262 0.449253972431 1.67771058965 0.0898539180078 0.39394061477 1.63685002262 -0.0444997934837 0.167693999723
1.59482801513 0.23885745115 0.508035523706 1.67936549467 0.0903402369529 0.393825374316 1.63698674317 -0.044273753095 0.168409529616
1.56187679516 0.250755370885 0.573303405973 1.6816876324 0.091466511962 0.39336564899 1.63868511313 -0.0442115596617 0.170024452577
1.39235850406 0.191319598062 0.61886073031 1.68136255981 0.0916192054701 0.393697559363 1.63810430578 -0.0442545496186 0.170852106688
1.45256843548 0.156790537609 0.709225438347 1.67959754765 0.0917878009766 0.394541743093 1.63790741036 -0.0441834863465 0.172011500722
1.50690291606 0.0888176231768 0.776342365231 1.68003736724 0.0919195851239 0.394743249046 1.63773944298 -0.0441898727667 0.17237804797
1.49475910065 0.243597531574 0.826908632981 1.67956165397 0.0926956453882 0.394086268371 1.63765362854 -0.0444842608993 0.172352627142
1.47712221995 0.241310555779 0.813765753429 1.67880152763 0.0915299474057 0.394416898605 1.63792670182 -0.0450758698511 0.172301890666
1.46445414567 0.231536064667 0.841727042637 1.66340921202 0.087631056638 0.395520653874 1.63294440877 -0.0473308014822 0.171886457917
1.51790387556 0.248919470227 0.865333474723 1.66844484733 0.0890102941901 0.394390630495 1.63413361483 -0.046969846644 0.171452829281
1.51670013334 0.201390413071 0.882398237446 1.67276918488 0.0889195355382 0.393410054308 1.63561469473 -0.0470087244129 0.171629520618
1.52700872104 0.168690606576 0.881284674191 1.68277760368 0.0859592451527 0.389346205289 1.63883076532 -0.0477724416951 0.172536918473
1.48276867446 0.105334731182 0.835822068139 1.68308877408 0.0866711069524 0.393643475874 1.63936288518 -0.0482207124456 0.176273732924
1.46950994904 0.108621219651 0.823202304829 1.68394595182 0.0867324351743 0.393707132394 1.63972225798 -0.0482287677662 0.175667133704
1.48683805739 0.0513748004507 0.794654938934 1.69495791988 0.0857539676279 0.394134460109 1.64437362828 -0.0486130890596 0.176129579997
1.48044726522 0.0680630399156 0.799064630377 1.69297586946 0.0850817420246 0.39489063194 1.64848349415 -0.0507788645211 0.174668612142
1.48595960639 0.108559520125 0.809615025168 1.70286137529 0.0847854145056 0.39671441765 1.65654709801 -0.0528124957905 0.1740564762
1.49637404551 0.132743915069 0.803399410741 1.70256120474 0.0836368843502 0.395658266409 1.65624387434 -0.0537941520252 0.17280098415
1.52545662066 0.14486064482 0.797425549032 1.70209380788 0.0802412146036 0.395086094053 1.65747545477 -0.056711780558 0.173433227551
1.5292308447 0.159493761101 0.793559568372 1.70445124041 0.0783285493127 0.396075038031 1.65602074812 -0.0566489082464 0.174929525008
1.55270866595 0.204626751392 0.782585666214 1.71041634751 0.0743510931964 0.39732513819 1.65645289703 -0.0581408881654 0.178883594466
1.55617554858 0.219215799161 0.787286947425 1.71291903823 0.0725055137052 0.396887812103 1.65789930806 -0.0590625785617 0.177935331707
1.56393973719 0.245399512984 0.787985039022 1.72700045443 0.0678726461176 0.390978153445 1.66325319701 -0.0625509660308 0.176383065947
1.56994798268 0.260621764057 0.788154267441 1.73370101836 0.0653013740382 0.389061930102 1.66539175056 -0.0639020896147 0.176050355455
1.59489865544 0.280134673089 0.771486512217 1.74145396169 0.0619390177202 0.389413036878 1.66907791509 -0.0661891129704 0.175751376461
1.60585394063 0.289020577588 0.770276938284 1.74414524348 0.0615736215694 0.388397890274 1.67019912913 -0.0669915990863 0.174463957792
1.6106605094 0.305035854033 0.766729923558 1.74785166246 0.060725536429 0.387026111522 1.67063955322 -0.0675675633499 0.172365445432
1.61340865298 0.312135229362 0.766925164929 1.74786790265 0.0598651772967 0.387482532361 1.67023465173 -0.0685043095271 0.172989409321
1.61363568435 0.318931738985 0.768437371126 1.75169456725 0.0578540829544 0.386681431879 1.67332535519 -0.0709069547295 0.172007967915
1.61882684939 0.315287348873 0.765589878913 1.75811607933 0.0563716541494 0.386096203214 1.6776800976 -0.0724608556648 0.172110582534
1.62850667189 0.304553039947 0.758376830662 1.7638297165 0.0537928482324 0.387361959814 1.68164593041 -0.0736629208705 0.174310549656
1.63899751095 0.298901650259 0.751181662732 1.76395069025 0.0533546505872 0.387485647114 1.68111186917 -0.0739471330373 0.173040059064
1.63192235997 0.276926496096 0.774508348878 1.76047671277 0.0528296363007 0.392826937951 1.67765984619 -0.0722531378437 0.175656420011
1.62435068654 0.265758407981 0.791629043194 1.76143899088 0.0521977428626 0.391606811125 1.68160332906 -0.0731161375797 0.175180468636
1.61715953586 0.2701813552 0.865630046172 1.76172719267 0.0526402526188 0.390356199715 1.68341656423 -0.0740047417592 0.175040981385
1.61686018761 0.252498538548 0.872509685943 1.76154030218 0.052498925028 0.389985717003 1.68559271342 -0.0746823079234 0.174832660403
1.59848375659 0.214388027932 0.87684019778 1.75670387967 0.0532272855587 0.391603380032 1.69354315842 -0.0754670992765 0.175559376805
1.7298868742 0.179912451643 -0.143334296127 1.75620227464 0.0538435518742 0.387287128212 1.69071257665 -0.0742648315366 0.172579406734
1.71425982269 0.169581080154 -0.180449961382 1.75973608531 0.0552758883104 0.387956060544 1.69077958522 -0.0729061734535 0.171751342523
1.72074861064 0.169951633164 -0.175064944934 1.75951720275 0.0591603365116 0.388984412178 1.6911218666 -0.0715199951332 0.172109297198
1.71109884186 0.165302595643 -0.17658265546 1.75943153123 0.0570281454925 0.392799018206 1.69239945933 -0.0717065978012 0.173239221094
1.71376128839 0.167320320877 -0.182475121294 1.75863307236 0.057053037274 0.39365284194 1.69276091036 -0.0717004548109 0.173473472696
1.7005786931 0.162565969476 -0.181268011104 1.75609058529 0.0595116384696 0.39431361788 1.69387381956 -0.0703720205472 0.173212375468
1.70422726586 0.163831729948 -0.176412525238 1.75675403461 0.060573366523 0.394605729701 1.69417545711 -0.0695060221248 0.174568560273
1.70228948152 0.169419994925 -0.181769695855 1.75172522136 0.0632487363874 0.396013615605 1.6918142567 -0.0674097402095 0.178201808693
1.70230428531 0.165551479965 -0.176574871691 1.752690913 0.0630597941643 0.394026276852 1.69336441984 -0.0679174936097 0.175582692891
1.70217147431 0.167588924545 -0.174131572863 1.75632016813 0.0662660719912 0.392514972017 1.69422451447 -0.0650910057702 0.174926851719
1.69247519347 0.166200949476 -0.173280524063 1.7530590807 0.0649512330472 0.396908172473 1.68960440488 -0.0649920618644 0.177093143714
1.689949603 0.157456830091 -0.169963910171 1.75491074837 0.0666926949269 0.394050377585 1.69126772635 -0.0644625986623 0.175281003815
1.64950360351 0.197555146491 0.746551924436 1.75552316587 0.0686488205285 0.393484609955 1.69197683249 -0.0644187346685 0.175240946889
1.64741867946 0.212524346596 0.738330740688 1.75482065095 0.0686715764319 0.393432915758 1.69055800797 -0.0639043088804 0.175407227125
1.64465862289 0.225701338411 0.738765015962 1.75753329364 0.0690128721015 0.3927428118 1.69072231613 -0.0640074920232 0.175719070394
1.64149765992 0.247630144549 0.740465772202 1.75953525132 0.0678706904292 0.392839972415 1.68943862339 -0.0641261948586 0.175237370397
1.6472421232 0.260098763062 0.741077811648 1.76049826257 0.0673710220305 0.391947787481 1.68951662592 -0.0645816846843 0.174671024896
1.67029585483 0.282862733242 0.736241423256 1.76720370783 0.0658654237972 0.390691689852 1.69334438038 -0.06467207132 0.173403798922
1.66939848205 0.291987302699 0.736133089149 1.76638876309 0.0658760104034 0.38979673435 1.69138612802 -0.0649424413671 0.173020642663
1.66328652995 0.306613226294 0.747049859647 1.76422030142 0.066053500302 0.388711415167 1.68507863756 -0.0655689522677 0.173664144225
1.65892984047 0.312305348963 0.752737009439 1.761719816 0.0655837264077 0.389019102574 1.68328164129 -0.0658464857239 0.173603664986
1.64871149445 0.309531507718 0.760243028418 1.76030404559 0.0637862625586 0.387514469103 1.68458412832 -0.0668955226877 0.171681281661
1.64701071021 0.305695899664 0.762242546384 1.7591064157 0.0632157892568 0.387473518912 1.68476283876 -0.0673215931982 0.171120306884
1.64007618592 0.302747540452 0.771823016192 1.75869577146 0.0632944658796 0.387631570957 1.68630544405 -0.0680021295241 0.171187760324
1.63753777346 0.297886935424 0.777766323856 1.75936984615 0.0630677799706 0.388064460327 1.68695046452 -0.0680066056094 0.171439756856
1.64386738064 0.262258205012 0.780088871408 1.75919211344 0.0635862119349 0.389037910687 1.68787331594 -0.0675741147318 0.171834345751
1.64602000817 0.246972598905 0.775595882544 1.75871946171 0.0629382419065 0.389620187814 1.68801626117 -0.0677507957253 0.171900446301
1.60203917213 0.22486928794 0.852896703275 1.7580124368 0.0625657036039 0.390972637921 1.68774161239 -0.0682437700618 0.173972102583
1.58675381488 0.211056823347 0.850828705222 1.7554033028 0.0629090244033 0.390462424116 1.68642215567 -0.0686594395813 0.173907410164
1.58328119755 0.175877367231 0.859476606162 1.75010581976 0.062904438752 0.39108573459 1.68517617728 -0.0689925740408 0.17174638874
1.58115163891 0.157586343784 0.862974599824 1.74755430584 0.0628808011449 0.390995350896 1.6839812283 -0.0689839724731 0.171023507997
1.57415023837 0.140023192456 0.862918900444 1.73350023894 0.0626126525976 0.393515757744 1.67845791505 -0.0693912040651 0.17120933456
1.58147791022 0.126022677685 0.858481190423 1.73753185459 0.0625814898858 0.393334315933 1.68094046131 -0.0697644172972 0.171466848024
1.58526851344 0.109027910114 0.862144323472 1.73686876958 0.0647858217092 0.395790312021 1.68326419986 -0.0680920149628 0.175338452037
1.57515987714 0.0994337949192 0.854258374275 1.7366816355 0.0649046793592 0.395830290736 1.68287052305 -0.0679960538845 0.175421339225
1.54524916982 0.0947125241623 0.832442993421 1.73822582643 0.0653641576876 0.396691918364 1.68288932269 -0.0673653088813 0.176272077682
1.54694043505 0.0931007978917 0.825673761134 1.73937731566 0.0662221483674 0.397541126781 1.68360038156 -0.0658577302807 0.177588420285
1.54916417277 0.108292448821 0.802959031286 1.74138183016 0.0671244231865 0.397871319614 1.68375955949 -0.0652149379479 0.177753153587
1.55751377596 0.127386786437 0.787138321905 1.74153124358 0.0672338445117 0.397806316623 1.68354862152 -0.0652880512105 0.177552150333
1.56379683261 0.157029242683 0.776904656247 1.74042260391 0.0666132960058 0.397978531389 1.68172513507 -0.0656074396225 0.177199358569
1.56179490484 0.180647368874 0.774190308132 1.74022973467 0.066027601938 0.397895829461 1.68104178453 -0.0659541370788 0.176600377315
1.56930699864 0.207861095809 0.770579074483 1.73980944836 0.0651121188268 0.397463030712 1.68080191203 -0.0661192990927 0.175253576438
1.56772679536 0.21273601371 0.774613931362 1.73978015253 0.0646788759213 0.39731495953 1.68035598858 -0.0664505232649 0.174759940991
1.58241650942 0.252598402874 0.785816880333 1.73934912326 0.0643311265353 0.397240742363 1.67908181796 -0.0672953994662 0.173725735466
1.60538029771 0.262824378338 0.741329369224 1.74014514677 0.0641904892005 0.397916917418 1.67951834485 -0.067590228185 0.174371806251
1.5898285916 0.274241130296 0.766822041094 1.74002710892 0.0645665873997 0.399422197393 1.67916690903 -0.0673974804525 0.175818600144
1.60891183983 0.296796345656 0.721898936329 1.73954785729 0.0648596459421 0.39873927679 1.67876041502 -0.0675671749388 0.175684461623
1.59760877875 0.6042642912 0.574864492979 1.74178883025 0.0628817565296 0.398437693851 1.6807323404 -0.0695315918288 0.174142263828
1.59319664355 0.602025017181 0.565594245514 1.74180287451 0.0615131996048 0.398752391065 1.68069096088 -0.0699938417366 0.174309576602
1.58714688153 0.598184174647 0.540138335119 1.7407995857 0.059747918057 0.398915602758 1.67906962059 -0.0696892441155 0.173960888709
1.59311723107 0.601908805952 0.54729895772 1.74055324911 0.0589765395887 0.398498580958 1.67903995695 -0.0700915269393 0.173409314111
1.59964389425 0.591625138519 0.584364851715 1.73822011601 0.0574035863775 0.396049462331 1.67941629759 -0.0719895358108 0.170929683212
1.60317691619 0.584911955696 0.594790314812 1.73699367035 0.0577516386657 0.394973294961 1.67935501471 -0.0719755437264 0.169967433682
1.58131598261 0.478507700591 0.595798573824 1.73902345211 0.0583798237643 0.394677511138 1.67856729496 -0.0714051578259 0.170532103323
1.51438954662 0.444785408858 0.616456839678 1.74015004061 0.0578834289767 0.394612870769 1.67766214581 -0.0714773886287 0.17106320406
1.54103570253 0.424120009908 0.639299942486 1.74097755668 0.0593933731175 0.396508802788 1.67650296878 -0.0700869738803 0.173178412175
1.55529541328 0.417022222932 0.650494226045 1.74167286848 0.0595327151185 0.396459056582 1.67662552941 -0.0703205778612 0.173498495343
1.57115098639 0.408431308272 0.670315762042 1.7433945569 0.0577832135386 0.397087102015 1.6769471871 -0.0704485750318 0.174029286398
1.57620486408 0.403619589775 0.677668221506 1.74411185252 0.0557383477041 0.397890840836 1.6777544421 -0.0710594805748 0.174513811021
1.5912290807 0.381258866154 0.701253005186 1.74297416551 0.0537297680857 0.398140509321 1.67728301088 -0.0716371495428 0.17511326954
1.58886890142 0.372122810121 0.705787681825 1.73637186474 0.0546459120469 0.397466095096 1.67193450367 -0.072523674316 0.175187889406
1.60724278591 0.340289930834 0.702592790115 1.73921513179 0.0526907642572 0.396962361508 1.67526762967 -0.0733626818481 0.173291545375
1.60090103989 0.335730032051 0.711875894465 1.73968400318 0.0523172727849 0.396402881026 1.67551848424 -0.0737418694643 0.172935083882
1.60236512762 0.321050410964 0.724006931568 1.73642264446 0.0510635872518 0.393467315613 1.67499602198 -0.0759870267179 0.170329922227
1.60497492451 0.314810033588 0.732923364853 1.73761283526 0.0495254332068 0.393358485558 1.67584514264 -0.0762947628567 0.169902047404
1.60089959961 0.300380575259 0.749679544373 1.73725834715 0.0487962410783 0.393740078657 1.67738176514 -0.0771030381572 0.169478915539
1.60186852534 0.292882837119 0.756790380658 1.73736918328 0.0493094822996 0.393243130007 1.67909099143 -0.0774120223574 0.168562115438
1.60218221206 0.281039973281 0.768928013783 1.73653885696 0.0502599263322 0.393089538087 1.68053984437 -0.0777317344427 0.168352729012
1.60789819976 0.269315140761 0.769541884389 1.73624014836 0.0510691064484 0.393205109252 1.68173418065 -0.0776175256489 0.168558550431
1.57654318265 0.251693413038 0.841641364798 1.73591764105 0.0509240742884 0.393727662927 1.68606609649 -0.0784772433184 0.169513490574
1.5741256122 0.244095274886 0.842781022115 1.7355911063 0.0505663040765 0.394279269351 1.68670452591 -0.0788971857365 0.169552123482
1.57359864253 0.215327557496 0.849387286259 1.73507193684 0.0509345196377 0.393443516864 1.68662810584 -0.0788871609928 0.168458053328
1.56518291712 0.200516247286 0.847118701449 1.73478775456 0.051625444192 0.393429846032 1.68738616025 -0.078540173345 0.168197476203
1.57459407076 0.155627945673 0.841132704966 1.73592483655 0.0510638257491 0.392056886533 1.68733561985 -0.078431462288 0.167412106516
1.57492088238 0.149491426488 0.842998731598 1.73620889497 0.0506312401226 0.391843292961 1.68692656201 -0.0784268403775 0.167354353502
1.55512372144 0.154104985971 0.869466516719 1.7351553027 0.0510063812111 0.391293186968 1.68635002855 -0.0790123527491 0.168028260038
1.57077659494 0.15260400587 0.879254789301 1.73452078186 0.0508318564804 0.391294532072 1.68648296534 -0.0794547198145 0.168191864286
1.57221310942 0.127247420875 0.851459801115 1.73534585546 0.0501830901324 0.390741153797 1.68764593223 -0.0802687337922 0.168200191313
1.57022153363 0.113990394517 0.838573394856 1.73531838752 0.0501180036668 0.390100620451 1.68659039088 -0.0800636671738 0.168580230591
1.56791819691 0.0894758368004 0.81623679443 1.73382595033 0.0504798489233 0.388952005327 1.68612676372 -0.0797019440233 0.167821931513
1.5584598533 0.0648270136056 0.799869031321 1.7316462579 0.0511400047962 0.388269823392 1.68409770516 -0.0789110197748 0.167026879762
1.56766323579 0.0670097714106 0.805686807574 1.73434303814 0.0502584152758 0.388175361582 1.68340763754 -0.0782811547558 0.166527279025
1.58166203896 0.0699121513223 0.81508586504 1.73459560472 0.0498128061571 0.388576148008 1.68201603904 -0.0782426085369 0.167402131549
1.5570321272 0.0503576480096 0.787651751409 1.73721096091 0.0500861350082 0.38877877512 1.68294865725 -0.0775011958094 0.168420179271
1.54967089221 0.062475846068 0.791891890753 1.74148427817 0.0516079288117 0.390798107568 1.6835848913 -0.0767748217073 0.170121211479
1.5478400377 0.0876107499266 0.805057974138 1.74316896526 0.0518404713158 0.389589910461 1.68125370791 -0.0761239437345 0.168967686107
1.54047037665 0.0906853459643 0.799383684802 1.74607130839 0.0520867702763 0.389669825338 1.6823123054 -0.0757457736474 0.170364502287
1.56962057672 0.0853982673699 0.808684786224 1.75033388145 0.0529163719627 0.390448587756 1.68020427357 -0.0755322422671 0.170684776754
1.56712569437 0.0906615791286 0.811415142068 1.75029445296 0.0544190726235 0.392010752208 1.68147429558 -0.0751131702192 0.171780124261
1.56502311322 0.119144031428 0.828438404185 1.74550088127 0.0545389776537 0.394150387736 1.68725458134 -0.0746220296023 0.17562460071
1.56566150587 0.136335829122 0.836079209945 1.74331997594 0.0551719919511 0.395564763422 1.69019856059 -0.0751024112445 0.177736803031
1.55642959741 0.149717783737 0.823072591024 1.74057961778 0.0562683220647 0.396193038869 1.69281245242 -0.075355049043 0.177545722873
1.558028079 0.160056443173 0.82547230439 1.74340713094 0.0556840963057 0.39520453361 1.68923541892 -0.0750353295162 0.175925374684
1.57552384536 0.183956196159 0.793476939831 1.74310232554 0.0542573411883 0.394912481507 1.68435491124 -0.0752622608954 0.171745354159
1.57982372485 0.197943821817 0.794595149135 1.74251834333 0.0534987903066 0.394745064218 1.68566607345 -0.076031047278 0.172333941872
1.58410452289 0.223711293596 0.7970189005 1.74148539105 0.0515461841259 0.394617626606 1.68542950431 -0.0770044139307 0.172212528556
1.586255486 0.234140927962 0.797140108419 1.74097489616 0.0507870040891 0.394717024234 1.68598175237 -0.0776010229251 0.172150987832
1.5965047878 0.248084721713 0.787168452119 1.74461101109 0.0487882572219 0.394495117567 1.68860565388 -0.0793946763119 0.170394371138
1.5958102978 0.257591066818 0.787963010334 1.74470745325 0.0476021804582 0.395109558131 1.6873989934 -0.0798986251412 0.171132015951
1.6036571698 0.269477173523 0.785739226627 1.74686347222 0.0456859286121 0.396762077067 1.68842988956 -0.081385308061 0.173012337482
1.61252419454 0.277656893593 0.782843320033 1.74729474863 0.0452461070456 0.396866506635 1.68887435182 -0.0820437155471 0.173513373447
1.61881769474 0.288844081017 0.772550450236 1.74758869652 0.0441258955704 0.396447743348 1.69232846253 -0.0838534639068 0.174193719646
1.6158196293 0.290290511655 0.768941269354 1.74867561015 0.043560183773 0.395764878027 1.69256246976 -0.0839704064066 0.173651909704
1.61543947157 0.294005598149 0.7642788562 1.75051679841 0.042685179092 0.395363687182 1.69284750578 -0.0846132734016 0.173511268398
1.61474826908 0.297929454253 0.757207752782 1.75513935977 0.0414012223778 0.394831260535 1.69468942914 -0.0856430823097 0.173681824377
1.62599147464 0.31259282563 0.749937569881 1.75777998473 0.0404557860629 0.393874738384 1.69533701716 -0.0866911908929 0.173998716529
1.63306101915 0.320278642613 0.747938947722 1.75738741008 0.0396189125201 0.393984023273 1.69562974494 -0.0872133455794 0.174339154297
1.64406023416 0.330369533846 0.743719791108 1.75797628494 0.0379623366191 0.394416150017 1.69529064224 -0.0885866988757 0.175316297877
1.65426164965 0.332107089628 0.745314785375 1.75940133489 0.0375430265155 0.394303718024 1.69399193972 -0.0889698518395 0.17589375626
1.65894666024 0.572249257718 0.606829111423 1.75879159819 0.0368037931662 0.394792611866 1.69274376716 -0.0881952668857 0.175684868023
1.6523111582 0.565450344184 0.598942172906 1.75740781081 0.0363726586277 0.394819228277 1.69253563353 -0.0881681070057 0.174691796278
1.65684398866 0.586932172358 0.585434648932 1.75248336258 0.0360801676998 0.391870943142 1.68786374517 -0.088460192648 0.170763270347
1.65003142773 0.580086627314 0.595233563116 1.75420869591 0.0370112081255 0.390497828895 1.68546273702 -0.0881269571436 0.169142582145
1.66164296732 0.588546752973 0.594797058062 1.75522334596 0.0365091786188 0.390433677219 1.68579050402 -0.0886818570627 0.170823061898
1.6433852666 0.493736779903 0.596884100225 1.75761677912 0.0364534546834 0.390525038056 1.68481992567 -0.0886364123246 0.171603995029
1.64517120455 0.474993958094 0.591555968665 1.76245295509 0.0384620059254 0.39099114578 1.68454576784 -0.0881474530656 0.175386024234
1.62326774872 0.454742107618 0.600876483692 1.76031612119 0.0379662285757 0.392377841861 1.68402636294 -0.0883995301687 0.176299722431
1.61207836833 0.443247132435 0.609184874402 1.75870004306 0.0363554743484 0.393691110737 1.68507568565 -0.0892649895712 0.177150273997
1.64953796201 0.538896928236 0.60485099657 1.75791256802 0.0364277141927 0.393912610212 1.68539453364 -0.0892884411588 0.177215916136
1.65617951393 0.589350932124 0.608557576177 1.75745748798 0.0371902628751 0.394153151434 1.68867162236 -0.0888402250809 0.174701438767
1.68882371996 0.658489174592 0.62238857199 1.75454525156 0.039035135143 0.394643640647 1.69078928708 -0.0882457501392 0.172283034992
1.64495988119 0.585420226849 0.630167602741 1.74571101764 0.0414587286391 0.395596859132 1.69620797072 -0.0883814342757 0.167376169995
1.63838704659 0.572090002511 0.628102563408 1.74305171608 0.0417445770252 0.395935430912 1.6970822418 -0.088987105808 0.167723761999
1.61076053088 0.475377803864 0.617241092621 1.7453786247 0.0402228913891 0.395590299074 1.69413010063 -0.0895162838271 0.169172915299
1.56302093907 0.456977665128 0.607611873448 1.74748043218 0.0393852564398 0.394983205172 1.69348557009 -0.0896724446419 0.1692100423
1.6148684057 0.450645000349 0.616120288958 1.74464961928 0.04047032142 0.395425171136 1.68577438603 -0.0866453962454 0.171577746406
1.62115044753 0.433397800524 0.615047267836 1.74862093796 0.038682715463 0.39505455108 1.68553476242 -0.0864530753483 0.171883182467
1.62748444886 0.396530239561 0.616028079532 1.75296114689 0.037766357199 0.393859253155 1.68573922173 -0.0855436126222 0.170488024855
1.62991323204 0.376407506784 0.615571405572 1.75389705634 0.0378357728682 0.39293859542 1.68587813344 -0.0856525598658 0.169208269706
1.63273486603 0.347746140195 0.614350875188 1.75387507637 0.0382962296356 0.391406826702 1.68856416537 -0.0865163805659 0.167465614576
1.62951015661 0.338032200127 0.610632137033 1.75532551242 0.038126770852 0.390310935144 1.68816120886 -0.0860260408595 0.167299142668
1.61235041836 0.33247525233 0.685639097038 1.74776935015 0.0392016980833 0.388685291513 1.68568977516 -0.0887431748766 0.16508627638
1.61418309868 0.325770333525 0.689474661595 1.74720295102 0.0383798881415 0.389800955214 1.68802547701 -0.0891012977057 0.167038584084
1.61579596344 0.306373366793 0.689623398347 1.7462256565 0.037376817535 0.388907526187 1.68590169226 -0.0896514916641 0.16500325253
1.61121749829 0.304836759399 0.695179994754 1.74504547905 0.0367521946697 0.387827635502 1.68412410313 -0.0900535138796 0.164263146755
1.61299672346 0.303507603337 0.707562312438 1.7475900363 0.0348091994082 0.3863157243 1.68086653616 -0.0905031489532 0.164192083281
1.61258903601 0.302104189974 0.713617977998 1.74820893389 0.0346891378998 0.386498278179 1.68195906498 -0.090058778485 0.164507096968
1.61422337085 0.298559457208 0.725726492502 1.74996223132 0.035013313499 0.387238506114 1.68402229518 -0.0897261674518 0.164234002842
1.61309497945 0.297599919371 0.732000422428 1.74983137249 0.0348331944575 0.38720731763 1.68491963649 -0.0904882262284 0.164137701328
1.77887608974 0.0682446933569 0.431375973149 1.74942207925 0.0332337285376 0.387925824993 1.68546553522 -0.0908936349898 0.163811939435
1.77698593306 0.0667938197147 0.42449130602 1.74922811001 0.0338634275321 0.388687452902 1.68584956705 -0.0902585475196 0.164073168493
1.77989612116 0.0807137370207 0.447082207196 1.74971663598 0.0346631386467 0.389645550473 1.68607869282 -0.0895936602034 0.164683549731
1.73659460755 0.132307556848 0.531924590372 1.74906148634 0.0357122046911 0.391166121727 1.68660616011 -0.0891362302874 0.165538635074
1.80695868869 -0.00659817529224 0.477853653201 1.74452596409 0.0373279717226 0.392838501668 1.69038313791 -0.0891332256911 0.165614671005
1.7811299697 -0.0502389714607 0.604830432647 1.74552096247 0.0372150679678 0.393614132779 1.686681966 -0.0878841090372 0.16685485794
1.74544681198 -0.0419431125419 0.698597165281 1.74580551335 0.0366124765447 0.3943685873 1.68535164371 -0.087462223665 0.167268665927
1.63774158797 0.0542755470111 0.82156661608 1.74726218559 0.0343415620956 0.39405632609 1.68512667053 -0.0878547873576 0.167530095587
1.59275942848 0.0929790789873 0.832004281308 1.74348911881 0.0318987019381 0.392842961043 1.68232149358 -0.0886841509941 0.166382583918
1.58162097137 0.102365138843 0.833392261675 1.73938864486 0.0339091601276 0.392106037629 1.67773627023 -0.0880002917989 0.162092424369
1.58066053547 0.0952351075436 0.829888725164 1.74053598086 0.0339678801623 0.391385788053 1.6784092473 -0.0879198373616 0.163108092673
1.60657493352 0.0472275809671 0.806766986909 1.74152083644 0.035252597525 0.390573131848 1.67872711891 -0.087804929883 0.163363950881
1.62104041166 0.0233768192822 0.789460964536 1.74146785217 0.0358361849769 0.3895918088 1.6778977713 -0.0877220548165 0.162929734567
1.6055769994 0.00640795144668 0.763411399755 1.74139838471 0.0375711967761 0.388752850315 1.67653424635 -0.0879080339462 0.162863501172
1.60151571149 0.0383036732233 0.792961158325 1.74115582965 0.0375394118276 0.388354505259 1.67602094289 -0.0883714223673 0.163000176031
1.57166047802 0.106371449912 0.82538552336 1.73966145445 0.0365338788421 0.389950885259 1.67491426116 -0.0896200760295 0.163853955121
